           선수     타율  경기수   타수   안타 2루타  ...   득점  도루  볼넷   삼진    출루율    장타율
1     양의지(NC)  0.358  111  369  132  25  ...   59   4  46   41  0.440  0.580
2     강백호(KT)  0.342  109  418  143  28  ...   70   9  59   84  0.423  0.507
3   페르난데스(두산)  0.340  133  526  179  32  ...   78   1  56   52  0.404  0.487
4     박민우(NC)  0.339  117  439  149  23  ...   86  18  40   38  0.400  0.435
5     이정후(키움)  0.338  136  559  189  30  ...   88  13  45   39  0.389  0.460
6     고종욱(SK)  0.325  129  468  152  25  ...   72  28  15   85  0.346  0.427
7     로하스(KT)  0.321  135  502  161  30  ...   65   4  48  114  0.380  0.524
8     김현수(LG)  0.317  133  501  159  37  ...   74   3  52   46  0.382  0.457
9     채은성(LG)  0.314  120  443  139  18  ...   58   1  23   63  0.358  0.440
10    박건우(두산)  0.313  119  425  133  25  ...   80  12  56   55  0.393  0.466
11    이천웅(LG)  0.312  132  525  164  24  ...   86  20  52   79  0.379  0.381
12    김하성(키움)  0.311  135  524  163  37  ...  110  32  68   79  0.393  0.492
13    유한준(KT)  0.309  132  482  149  18  ...   60   3  51   60  0.376  0.438
14    전준우(롯데)  0.308  134  520  160  28  ...   84   8  45   65  0.366  0.492
15     샌즈(키움)  0.305  136  514  157  39  ...  100   1  76   97  0.398  0.549
16    김태균(한화)  0.304  120  405  123  19  ...   44   3  54   88  0.386  0.388
17     최정(SK)  0.302  132  470  142  27  ...   83   3  63   85  0.407  0.538
18    서건창(키움)  0.302  109  414  125  22  ...   65  16  47   49  0.373  0.384
19   최형우(KIA)  0.300  135  454  136  31  ...   65   0  85   77  0.412  0.485
20    김헌곤(삼성)  0.298  113  410  122  20  ...   57  10  37   41  0.362  0.388

[20 rows x 15 columns]

           선수    OPS   IsoP  BABIP   wOBA   wRC+    WPA   WAR
1     양의지(NC)  1.020  0.222  0.359  0.438  176.4   1.13  5.39
2     강백호(KT)  0.930  0.165  0.402  0.411  148.7   2.53  5.17
3   페르난데스(두산)  0.891  0.147  0.353  0.395  165.5   1.46  5.87
4     박민우(NC)  0.835  0.096  0.365  0.380  146.7   0.53  4.81
5     이정후(키움)  0.849  0.122  0.353  0.378  134.0  -0.24  5.22
6     고종욱(SK)  0.773  0.102  0.390  0.349  117.6   1.04  2.79
7     로하스(KT)  0.904  0.203  0.375  0.398  139.7  -0.11  5.32
8     김현수(LG)  0.839  0.140  0.327  0.368  146.1   1.88  4.93
9     채은성(LG)  0.798  0.126  0.338  0.360  148.0  -1.52  4.10
10    박건우(두산)  0.859  0.153  0.332  0.377  153.2  -0.93  4.50
11    이천웅(LG)  0.760  0.069  0.364  0.348  131.2   0.69  3.78
12    김하성(키움)  0.885  0.181  0.334  0.389  141.9   2.60  5.41
13    유한준(KT)  0.814  0.129  0.327  0.366  120.1   2.30  4.01
14    전준우(롯데)  0.858  0.184  0.314  0.377  122.0  -0.62  4.83
15     샌즈(키움)  0.947  0.244  0.327  0.410  161.2   2.44  6.59
16    김태균(한화)  0.774  0.084  0.370  0.356  113.4  -0.76  2.71
17     최정(SK)  0.945  0.236  0.312  0.409  144.9   3.15  4.80
18    서건창(키움)  0.757  0.082  0.334  0.343  109.1  -1.89  2.35
19   최형우(KIA)  0.897  0.185  0.324  0.392  146.8   1.71  4.83
20    김헌곤(삼성)  0.750  0.090  0.316  0.340   96.4  -1.60  2.98

