          선수 평균자책점 경기수      이닝   승   패 세이브 홀드   삼진  피안타 피홈런  실점  볼넷  사구     승률
1   양현종(KIA)  2.29  29  1842/3  16   8   0  0  163  165   6  56  33   2  0.667
2   린드블럼(두산)  2.36  28  1831/3  20   3   0  0  178  148  13  51  28   6  0.870
3     켈리(LG)  2.53  28  1741/3  14  12   0  0  121  160   6  68  38  16  0.539
4    김광현(SK)  2.66  28  1691/3  15   6   0  0  164  180  11  60  35   2  0.714
5    산체스(SK)  2.72  26     152  16   5   0  0  133  141   2  49  42   2  0.762
6   루친스키(NC)  2.94  28  1741/3   9   9   0  0  116  159  12  65  43  11  0.500
7    브리검(키움)  3.01  27  1521/3  12   5   0  0  124  143   5  61  46  11  0.706
8     윌슨(LG)  3.03  29     178  14   7   0  0  128  167   7  76  44  10  0.667
9    요키시(키움)  3.12  28  1731/3  13   8   0  0  136  155   9  69  38  11  0.619
10   최원태(키움)  3.45  26  1511/3  10   5   0  0  101  157   5  67  36   4  0.667
11   유희관(두산)  3.48  25     150   9   8   0  0   54  162   8  65  41   3  0.529
12   박종훈(SK)  3.49  26  1362/3   8  10   0  0   94  146  11  63  53  12  0.444
13   채드벨(한화)  3.56  27  1641/3  10   9   0  0  126  158  13  69  57  10  0.526
14  쿠에바스(KT)  3.57  28     174  13   9   0  0  128  144  17  74  57  12  0.591
15   서폴드(한화)  3.73  29  1781/3  11  11   0  0  128  177   8  82  52   6  0.500
16   이영하(두산)  3.82  25  1411/3  14   4   0  0   77  133   3  64  58  10  0.778
17   레일리(롯데)  3.84  29     178   5  13   0  0  136  189   9  85  64   8  0.278
18  알칸타라(KT)  4.10  26  1662/3  11  11   0  0   96  183  15  79  26   8  0.500
19   다익손(롯데)  4.19  28     144   6   9   0  0  114  156  15  76  38   5  0.400
20   차우찬(LG)  4.20  27  1582/3  13   8   0  0  119  172  16  84  57   4  0.619

          선수  WHIP   K/9  BB/9  K/BB    K%  BB%   WPA   WAR
1   양현종(KIA)  1.07  7.94  1.61  4.94  22.3  4.5  5.96  6.64
2   린드블럼(두산)  0.96  8.74  1.37  6.36  24.7  3.9  6.04  6.07
3     켈리(LG)  1.14  6.25  1.96  3.18  16.8  5.3  4.25  3.27
4    김광현(SK)  1.27  8.72  1.86  4.69  23.2  5.0  4.71  5.64
5    산체스(SK)  1.20  7.88  2.49  3.17  21.2  6.7  4.82  5.55
6   루친스키(NC)  1.16  5.99  2.22  2.70  16.2  6.0  4.11  4.13
7    브리검(키움)  1.24  7.33  2.72  2.70  19.2  7.1  2.56  3.88
8     윌슨(LG)  1.19  6.47  2.22  2.91  17.4  6.0  4.32  2.88
9    요키시(키움)  1.11  7.06  1.97  3.58  19.1  5.3  2.96  4.42
10   최원태(키움)  1.28  6.01  2.14  2.81  15.8  5.6  2.07  3.46
11   유희관(두산)  1.35  3.24  2.46  1.32   8.5  6.4  3.66  2.12
12   박종훈(SK)  1.46  6.19  3.49  1.77  15.6  8.8  2.85  2.48
13   채드벨(한화)  1.31  6.90  3.12  2.21  18.1  8.2  3.38  3.57
14  쿠에바스(KT)  1.16  6.62  2.95  2.25  17.9  8.0  2.74  3.68
15   서폴드(한화)  1.28  6.46  2.62  2.46  17.0  6.9  3.32  4.00
16   이영하(두산)  1.35  4.90  3.69  1.33  12.6  9.5  3.97  1.96
17   레일리(롯데)  1.42  6.88  3.24  2.13  17.5  8.2  2.78  4.01
18  알칸타라(KT)  1.25  5.18  1.40  3.69  13.7  3.7  2.48  3.36
19   다익손(롯데)  1.35  7.13  2.38  3.00  18.3  6.1  1.67  2.41
20   차우찬(LG)  1.44  6.75  3.23  2.09  17.2  8.3  1.59  0.60

